x<-1
y<-2
z<-4
 w <- x^2+y